  90  80
  1407152.973146  4916107.709351  -58.000000
 40.000000 40.000000 40.000000 40.000000 40.000000 40.000000 40.000000 40.000000 40.000000 40.000000
 40.000000 40.000000 40.000000 40.000000 40.000000 40.000000 40.000000 40.000000 40.000000 40.000000
 40.000000 40.000000 40.000000 40.000000 40.000000 40.000000 40.000000 40.000000 40.000000 40.000000
 40.000000 40.000000 40.000000 40.000000 40.000000 40.000000 40.000000 40.000000 40.000000 40.000000
 40.000000 40.000000 40.000000 40.000000 40.000000 40.000000 40.000000 40.000000 40.000000 40.000000
 40.000000 40.000000 40.000000 40.000000 40.000000 40.000000 40.000000 40.000000 40.000000 40.000000
 40.000000 40.000000 40.000000 40.000000 40.000000 40.000000 40.000000 40.000000 40.000000 40.000000
 40.000000 40.000000 40.000000 40.000000 40.000000 40.000000 40.000000 40.000000 40.000000 40.000000
 40.000000 40.000000 40.000000 40.000000 40.000000 40.000000 40.000000 40.000000 40.000000 40.000000
 40.000000 40.000000 40.000000 40.000000 40.000000 40.000000 40.000000 40.000000 40.000000 40.000000
 40.000000 40.000000 40.000000 40.000000 40.000000 40.000000 40.000000 40.000000 40.000000 40.000000
 40.000000 40.000000 40.000000 40.000000 40.000000 40.000000 40.000000 40.000000 40.000000 40.000000
 40.000000 40.000000 40.000000 40.000000 40.000000 40.000000 40.000000 40.000000 40.000000 40.000000
 40.000000 40.000000 40.000000 40.000000 40.000000 40.000000 40.000000 40.000000 40.000000 40.000000
 40.000000 40.000000 40.000000 40.000000 40.000000 40.000000 40.000000 40.000000 40.000000 40.000000
 40.000000 40.000000 40.000000 40.000000 40.000000 40.000000 40.000000 40.000000 40.000000 40.000000
 40.000000 40.000000 40.000000 40.000000 40.000000 40.000000 40.000000 40.000000 40.000000 40.000000
